2.000000000000000e-10 0.000000000000000e+00 
2.010000000000000e-10 0.000000000000000e+00 
2.020000000000000e-10 0.000000000000000e+00 
2.030000000000000e-10 0.000000000000000e+00 
2.040000000000000e-10 0.000000000000000e+00 
2.050000000000000e-10 0.000000000000000e+00 
2.060000000000000e-10 0.000000000000000e+00 
2.070000000000000e-10 0.000000000000000e+00 
2.080000000000000e-10 0.000000000000000e+00 
2.090000000000000e-10 0.000000000000000e+00 
2.100000000000000e-10 0.000000000000000e+00 
2.110000000000000e-10 0.000000000000000e+00 
2.120000000000000e-10 0.000000000000000e+00 
2.130000000000000e-10 0.000000000000000e+00 
2.140000000000000e-10 0.000000000000000e+00 
2.150000000000000e-10 0.000000000000000e+00 
2.160000000000000e-10 0.000000000000000e+00 
2.169999999999999e-10 0.000000000000000e+00 
2.179999999999999e-10 0.000000000000000e+00 
2.189999999999999e-10 0.000000000000000e+00 
2.199999999999999e-10 0.000000000000000e+00 
2.209999999999999e-10 0.000000000000000e+00 
2.219999999999999e-10 0.000000000000000e+00 
2.229999999999999e-10 0.000000000000000e+00 
2.239999999999999e-10 0.000000000000000e+00 
2.249999999999999e-10 0.000000000000000e+00 
2.259999999999999e-10 0.000000000000000e+00 
2.269999999999999e-10 0.000000000000000e+00 
2.279999999999999e-10 0.000000000000000e+00 
2.289999999999999e-10 0.000000000000000e+00 
2.299999999999999e-10 0.000000000000000e+00 
2.309999999999999e-10 0.000000000000000e+00 
2.319999999999999e-10 0.000000000000000e+00 
2.329999999999999e-10 0.000000000000000e+00 
2.339999999999999e-10 0.000000000000000e+00 
2.349999999999999e-10 0.000000000000000e+00 
2.359999999999999e-10 0.000000000000000e+00 
2.369999999999999e-10 0.000000000000000e+00 
2.379999999999999e-10 0.000000000000000e+00 
2.389999999999999e-10 0.000000000000000e+00 
2.399999999999999e-10 0.000000000000000e+00 
2.409999999999999e-10 0.000000000000000e+00 
2.419999999999999e-10 0.000000000000000e+00 
2.429999999999999e-10 0.000000000000000e+00 
2.439999999999999e-10 0.000000000000000e+00 
2.449999999999999e-10 0.000000000000000e+00 
2.459999999999999e-10 0.000000000000000e+00 
2.469999999999999e-10 0.000000000000000e+00 
2.479999999999999e-10 0.000000000000000e+00 
2.489999999999999e-10 0.000000000000000e+00 
2.499999999999999e-10 0.000000000000000e+00 
2.509999999999999e-10 0.000000000000000e+00 
2.519999999999999e-10 0.000000000000000e+00 
2.529999999999999e-10 0.000000000000000e+00 
2.539999999999998e-10 0.000000000000000e+00 
2.549999999999998e-10 0.000000000000000e+00 
2.559999999999998e-10 0.000000000000000e+00 
2.569999999999998e-10 0.000000000000000e+00 
2.579999999999998e-10 0.000000000000000e+00 
2.589999999999998e-10 0.000000000000000e+00 
2.599999999999998e-10 0.000000000000000e+00 
2.609999999999998e-10 0.000000000000000e+00 
2.619999999999998e-10 0.000000000000000e+00 
2.629999999999998e-10 0.000000000000000e+00 
2.639999999999998e-10 0.000000000000000e+00 
2.649999999999998e-10 0.000000000000000e+00 
2.659999999999998e-10 0.000000000000000e+00 
2.669999999999998e-10 0.000000000000000e+00 
2.679999999999998e-10 0.000000000000000e+00 
2.689999999999998e-10 0.000000000000000e+00 
2.699999999999998e-10 0.000000000000000e+00 
2.709999999999998e-10 0.000000000000000e+00 
2.719999999999998e-10 0.000000000000000e+00 
2.729999999999998e-10 0.000000000000000e+00 
2.739999999999998e-10 0.000000000000000e+00 
2.749999999999998e-10 0.000000000000000e+00 
2.759999999999998e-10 0.000000000000000e+00 
2.769999999999998e-10 0.000000000000000e+00 
2.779999999999998e-10 0.000000000000000e+00 
2.789999999999998e-10 0.000000000000000e+00 
2.799999999999998e-10 0.000000000000000e+00 
2.809999999999998e-10 0.000000000000000e+00 
2.819999999999997e-10 0.000000000000000e+00 
2.829999999999997e-10 0.000000000000000e+00 
2.839999999999997e-10 0.000000000000000e+00 
2.849999999999997e-10 0.000000000000000e+00 
2.859999999999997e-10 0.000000000000000e+00 
2.869999999999997e-10 0.000000000000000e+00 
2.879999999999997e-10 0.000000000000000e+00 
2.889999999999997e-10 0.000000000000000e+00 
2.899999999999997e-10 0.000000000000000e+00 
2.909999999999997e-10 0.000000000000000e+00 
2.919999999999997e-10 0.000000000000000e+00 
2.929999999999997e-10 0.000000000000000e+00 
2.939999999999997e-10 0.000000000000000e+00 
2.949999999999997e-10 0.000000000000000e+00 
2.959999999999997e-10 0.000000000000000e+00 
2.969999999999997e-10 0.000000000000000e+00 
2.979999999999997e-10 0.000000000000000e+00 
2.989999999999997e-10 0.000000000000000e+00 
2.999999999999997e-10 0.000000000000000e+00 
3.009999999999997e-10 0.000000000000000e+00 
3.019999999999997e-10 0.000000000000000e+00 
3.029999999999997e-10 0.000000000000000e+00 
3.039999999999997e-10 0.000000000000000e+00 
3.049999999999997e-10 0.000000000000000e+00 
3.059999999999997e-10 0.000000000000000e+00 
3.069999999999997e-10 0.000000000000000e+00 
3.079999999999997e-10 0.000000000000000e+00 
3.089999999999997e-10 0.000000000000000e+00 
3.099999999999997e-10 0.000000000000000e+00 
3.109999999999996e-10 0.000000000000000e+00 
3.119999999999996e-10 0.000000000000000e+00 
3.129999999999996e-10 0.000000000000000e+00 
3.139999999999996e-10 0.000000000000000e+00 
3.149999999999996e-10 0.000000000000000e+00 
3.159999999999996e-10 0.000000000000000e+00 
3.169999999999996e-10 0.000000000000000e+00 
3.179999999999996e-10 0.000000000000000e+00 
3.189999999999996e-10 0.000000000000000e+00 
3.199999999999996e-10 0.000000000000000e+00 
3.209999999999996e-10 0.000000000000000e+00 
3.219999999999996e-10 0.000000000000000e+00 
3.229999999999996e-10 0.000000000000000e+00 
3.239999999999996e-10 0.000000000000000e+00 
3.249999999999996e-10 0.000000000000000e+00 
3.259999999999996e-10 0.000000000000000e+00 
3.269999999999996e-10 0.000000000000000e+00 
3.279999999999996e-10 0.000000000000000e+00 
3.289999999999996e-10 0.000000000000000e+00 
3.299999999999996e-10 0.000000000000000e+00 
3.309999999999996e-10 0.000000000000000e+00 
3.319999999999996e-10 0.000000000000000e+00 
3.329999999999996e-10 0.000000000000000e+00 
3.339999999999996e-10 0.000000000000000e+00 
3.349999999999996e-10 0.000000000000000e+00 
3.359999999999996e-10 0.000000000000000e+00 
3.369999999999996e-10 0.000000000000000e+00 
3.379999999999996e-10 0.000000000000000e+00 
3.389999999999996e-10 0.000000000000000e+00 
3.399999999999995e-10 0.000000000000000e+00 
3.409999999999995e-10 0.000000000000000e+00 
3.419999999999995e-10 0.000000000000000e+00 
3.429999999999995e-10 0.000000000000000e+00 
3.439999999999995e-10 0.000000000000000e+00 
3.449999999999995e-10 0.000000000000000e+00 
3.459999999999995e-10 0.000000000000000e+00 
3.469999999999995e-10 0.000000000000000e+00 
3.479999999999995e-10 0.000000000000000e+00 
3.489999999999995e-10 0.000000000000000e+00 
3.499999999999995e-10 0.000000000000000e+00 
3.509999999999995e-10 0.000000000000000e+00 
3.519999999999995e-10 0.000000000000000e+00 
3.529999999999995e-10 0.000000000000000e+00 
3.539999999999995e-10 0.000000000000000e+00 
3.549999999999995e-10 0.000000000000000e+00 
3.559999999999995e-10 0.000000000000000e+00 
3.569999999999995e-10 0.000000000000000e+00 
3.579999999999995e-10 0.000000000000000e+00 
3.589999999999995e-10 0.000000000000000e+00 
3.599999999999995e-10 0.000000000000000e+00 
3.609999999999995e-10 0.000000000000000e+00 
3.619999999999995e-10 0.000000000000000e+00 
3.629999999999995e-10 0.000000000000000e+00 
3.639999999999995e-10 0.000000000000000e+00 
3.649999999999995e-10 0.000000000000000e+00 
3.659999999999995e-10 0.000000000000000e+00 
3.669999999999995e-10 0.000000000000000e+00 
3.679999999999995e-10 0.000000000000000e+00 
3.689999999999994e-10 0.000000000000000e+00 
3.699999999999994e-10 0.000000000000000e+00 
3.709999999999994e-10 0.000000000000000e+00 
3.719999999999994e-10 0.000000000000000e+00 
3.729999999999994e-10 0.000000000000000e+00 
3.739999999999994e-10 0.000000000000000e+00 
3.749999999999994e-10 0.000000000000000e+00 
3.759999999999994e-10 0.000000000000000e+00 
3.769999999999994e-10 0.000000000000000e+00 
3.779999999999994e-10 0.000000000000000e+00 
3.789999999999994e-10 0.000000000000000e+00 
3.799999999999994e-10 0.000000000000000e+00 
3.809999999999994e-10 0.000000000000000e+00 
3.819999999999994e-10 0.000000000000000e+00 
3.829999999999994e-10 0.000000000000000e+00 
3.839999999999994e-10 0.000000000000000e+00 
3.849999999999994e-10 0.000000000000000e+00 
3.859999999999994e-10 0.000000000000000e+00 
3.869999999999994e-10 0.000000000000000e+00 
3.879999999999994e-10 0.000000000000000e+00 
3.889999999999994e-10 0.000000000000000e+00 
3.899999999999994e-10 0.000000000000000e+00 
3.909999999999994e-10 0.000000000000000e+00 
3.919999999999994e-10 0.000000000000000e+00 
3.929999999999994e-10 0.000000000000000e+00 
3.939999999999994e-10 0.000000000000000e+00 
3.949999999999994e-10 0.000000000000000e+00 
3.959999999999994e-10 0.000000000000000e+00 
3.969999999999994e-10 0.000000000000000e+00 
3.979999999999993e-10 0.000000000000000e+00 
3.989999999999993e-10 0.000000000000000e+00 
3.999999999999993e-10 0.000000000000000e+00 
4.009999999999993e-10 0.000000000000000e+00 
4.019999999999993e-10 0.000000000000000e+00 
4.029999999999993e-10 0.000000000000000e+00 
4.039999999999993e-10 0.000000000000000e+00 
4.049999999999993e-10 0.000000000000000e+00 
4.059999999999993e-10 0.000000000000000e+00 
4.069999999999993e-10 0.000000000000000e+00 
4.079999999999993e-10 0.000000000000000e+00 
4.089999999999993e-10 0.000000000000000e+00 
4.099999999999993e-10 0.000000000000000e+00 
4.109999999999993e-10 0.000000000000000e+00 
4.119999999999993e-10 0.000000000000000e+00 
4.129999999999993e-10 0.000000000000000e+00 
4.139999999999993e-10 0.000000000000000e+00 
4.149999999999993e-10 0.000000000000000e+00 
4.159999999999993e-10 0.000000000000000e+00 
4.169999999999993e-10 0.000000000000000e+00 
4.179999999999993e-10 0.000000000000000e+00 
4.189999999999993e-10 0.000000000000000e+00 
4.199999999999993e-10 0.000000000000000e+00 
4.209999999999993e-10 0.000000000000000e+00 
4.219999999999993e-10 0.000000000000000e+00 
4.229999999999993e-10 0.000000000000000e+00 
4.239999999999993e-10 0.000000000000000e+00 
4.249999999999993e-10 0.000000000000000e+00 
4.259999999999993e-10 0.000000000000000e+00 
4.269999999999992e-10 0.000000000000000e+00 
4.279999999999992e-10 0.000000000000000e+00 
4.289999999999992e-10 0.000000000000000e+00 
4.299999999999992e-10 0.000000000000000e+00 
4.309999999999992e-10 0.000000000000000e+00 
4.319999999999992e-10 0.000000000000000e+00 
4.329999999999992e-10 0.000000000000000e+00 
4.339999999999992e-10 0.000000000000000e+00 
4.349999999999992e-10 0.000000000000000e+00 
4.359999999999992e-10 0.000000000000000e+00 
4.369999999999992e-10 0.000000000000000e+00 
4.379999999999992e-10 0.000000000000000e+00 
4.389999999999992e-10 0.000000000000000e+00 
4.399999999999992e-10 0.000000000000000e+00 
4.409999999999992e-10 0.000000000000000e+00 
4.419999999999992e-10 0.000000000000000e+00 
4.429999999999992e-10 0.000000000000000e+00 
4.439999999999992e-10 0.000000000000000e+00 
4.449999999999992e-10 0.000000000000000e+00 
4.459999999999992e-10 0.000000000000000e+00 
4.469999999999992e-10 0.000000000000000e+00 
4.479999999999992e-10 0.000000000000000e+00 
4.489999999999992e-10 0.000000000000000e+00 
4.499999999999992e-10 0.000000000000000e+00 
4.509999999999992e-10 0.000000000000000e+00 
4.519999999999992e-10 0.000000000000000e+00 
4.529999999999992e-10 0.000000000000000e+00 
4.539999999999992e-10 0.000000000000000e+00 
4.549999999999992e-10 0.000000000000000e+00 
4.559999999999991e-10 0.000000000000000e+00 
4.569999999999991e-10 0.000000000000000e+00 
4.579999999999991e-10 0.000000000000000e+00 
4.589999999999991e-10 0.000000000000000e+00 
4.599999999999991e-10 0.000000000000000e+00 
4.609999999999991e-10 0.000000000000000e+00 
4.619999999999991e-10 0.000000000000000e+00 
4.629999999999991e-10 0.000000000000000e+00 
4.639999999999991e-10 0.000000000000000e+00 
4.649999999999991e-10 0.000000000000000e+00 
4.659999999999991e-10 0.000000000000000e+00 
4.669999999999991e-10 0.000000000000000e+00 
4.679999999999991e-10 0.000000000000000e+00 
4.689999999999991e-10 0.000000000000000e+00 
4.699999999999991e-10 0.000000000000000e+00 
4.709999999999991e-10 0.000000000000000e+00 
4.719999999999991e-10 0.000000000000000e+00 
4.729999999999991e-10 0.000000000000000e+00 
4.739999999999991e-10 0.000000000000000e+00 
4.749999999999991e-10 0.000000000000000e+00 
4.759999999999991e-10 0.000000000000000e+00 
4.769999999999991e-10 0.000000000000000e+00 
4.779999999999991e-10 0.000000000000000e+00 
4.789999999999991e-10 0.000000000000000e+00 
4.799999999999991e-10 0.000000000000000e+00 
4.809999999999991e-10 0.000000000000000e+00 
4.819999999999991e-10 0.000000000000000e+00 
4.829999999999991e-10 0.000000000000000e+00 
4.839999999999991e-10 0.000000000000000e+00 
4.849999999999990e-10 0.000000000000000e+00 
4.859999999999990e-10 0.000000000000000e+00 
4.869999999999990e-10 0.000000000000000e+00 
4.879999999999990e-10 0.000000000000000e+00 
4.889999999999990e-10 0.000000000000000e+00 
4.899999999999990e-10 0.000000000000000e+00 
4.909999999999990e-10 0.000000000000000e+00 
4.919999999999990e-10 0.000000000000000e+00 
4.929999999999990e-10 0.000000000000000e+00 
4.939999999999990e-10 0.000000000000000e+00 
4.949999999999990e-10 0.000000000000000e+00 
4.959999999999990e-10 0.000000000000000e+00 
4.969999999999990e-10 0.000000000000000e+00 
4.979999999999990e-10 0.000000000000000e+00 
4.989999999999990e-10 0.000000000000000e+00 
4.999999999999990e-10 6.249999999975400e-05 
5.009999999999990e-10 4.999999999994938e-04 
5.019999999999990e-10 9.999999999983841e-04 
5.029999999999990e-10 1.000000000000000e-03 
5.039999999999990e-10 9.999999999999512e-04 
5.049999999999990e-10 9.750000000000271e-04 
5.059999999999990e-10 9.500000000000270e-04 
5.069999999999990e-10 9.250000000000270e-04 
5.079999999999990e-10 9.000000000000273e-04 
5.089999999999990e-10 8.750000000000272e-04 
5.099999999999990e-10 8.500000000000274e-04 
5.109999999999990e-10 8.250000000000274e-04 
5.119999999999990e-10 8.000000000000276e-04 
5.129999999999990e-10 7.750000000000276e-04 
5.139999999999989e-10 7.500000000000277e-04 
5.149999999999989e-10 7.250000000000277e-04 
5.159999999999989e-10 7.000000000000279e-04 
5.169999999999989e-10 6.750000000000280e-04 
5.179999999999989e-10 6.500000000000281e-04 
5.189999999999989e-10 6.250000000000282e-04 
5.199999999999989e-10 6.000000000000281e-04 
5.209999999999989e-10 5.750000000000283e-04 
5.219999999999989e-10 5.500000000000283e-04 
5.229999999999989e-10 5.250000000000286e-04 
5.239999999999989e-10 5.000000000000285e-04 
5.249999999999989e-10 4.750000000000273e-04 
5.259999999999989e-10 4.500000000000274e-04 
5.269999999999989e-10 4.250000000000275e-04 
5.279999999999989e-10 4.000000000000276e-04 
5.289999999999989e-10 3.750000000000277e-04 
5.299999999999989e-10 3.500000000000278e-04 
5.309999999999989e-10 3.250000000000278e-04 
5.319999999999989e-10 3.000000000000279e-04 
5.329999999999989e-10 2.750000000000280e-04 
5.339999999999989e-10 2.500000000000281e-04 
5.349999999999989e-10 2.250000000000282e-04 
5.359999999999989e-10 2.000000000000283e-04 
5.369999999999989e-10 1.750000000000283e-04 
5.379999999999989e-10 1.500000000000284e-04 
5.389999999999989e-10 1.250000000000285e-04 
5.399999999999989e-10 1.000000000000286e-04 
5.409999999999989e-10 7.500000000002868e-05 
5.419999999999989e-10 5.000000000002877e-05 
5.429999999999988e-10 2.500000000002886e-05 
5.439999999999988e-10 3.125000000014783e-06 
5.449999999999988e-10 0.000000000000000e+00 
5.459999999999988e-10 0.000000000000000e+00 
5.469999999999988e-10 0.000000000000000e+00 
5.479999999999988e-10 0.000000000000000e+00 
5.489999999999988e-10 0.000000000000000e+00 
5.499999999999988e-10 0.000000000000000e+00 
5.509999999999988e-10 0.000000000000000e+00 
5.519999999999988e-10 0.000000000000000e+00 
5.529999999999988e-10 0.000000000000000e+00 
5.539999999999988e-10 0.000000000000000e+00 
5.549999999999988e-10 0.000000000000000e+00 
5.559999999999988e-10 0.000000000000000e+00 
5.569999999999988e-10 0.000000000000000e+00 
5.579999999999988e-10 0.000000000000000e+00 
5.589999999999988e-10 0.000000000000000e+00 
5.599999999999988e-10 0.000000000000000e+00 
5.609999999999988e-10 0.000000000000000e+00 
5.619999999999988e-10 0.000000000000000e+00 
5.629999999999988e-10 0.000000000000000e+00 
5.639999999999988e-10 0.000000000000000e+00 
5.649999999999988e-10 0.000000000000000e+00 
5.659999999999988e-10 0.000000000000000e+00 
5.669999999999988e-10 0.000000000000000e+00 
5.679999999999988e-10 0.000000000000000e+00 
5.689999999999988e-10 0.000000000000000e+00 
5.699999999999988e-10 0.000000000000000e+00 
5.709999999999988e-10 0.000000000000000e+00 
5.719999999999987e-10 0.000000000000000e+00 
5.729999999999987e-10 0.000000000000000e+00 
5.739999999999987e-10 0.000000000000000e+00 
5.749999999999987e-10 0.000000000000000e+00 
5.759999999999987e-10 0.000000000000000e+00 
5.769999999999987e-10 0.000000000000000e+00 
5.779999999999987e-10 0.000000000000000e+00 
5.789999999999987e-10 0.000000000000000e+00 
5.799999999999987e-10 0.000000000000000e+00 
5.809999999999987e-10 0.000000000000000e+00 
5.819999999999987e-10 0.000000000000000e+00 
5.829999999999987e-10 0.000000000000000e+00 
5.839999999999987e-10 0.000000000000000e+00 
5.849999999999987e-10 0.000000000000000e+00 
5.859999999999987e-10 0.000000000000000e+00 
5.869999999999987e-10 0.000000000000000e+00 
5.879999999999987e-10 0.000000000000000e+00 
5.889999999999987e-10 0.000000000000000e+00 
5.899999999999987e-10 0.000000000000000e+00 
5.909999999999987e-10 0.000000000000000e+00 
5.919999999999987e-10 0.000000000000000e+00 
5.929999999999987e-10 0.000000000000000e+00 
5.939999999999987e-10 0.000000000000000e+00 
5.949999999999987e-10 0.000000000000000e+00 
5.959999999999987e-10 0.000000000000000e+00 
5.969999999999987e-10 0.000000000000000e+00 
5.979999999999987e-10 0.000000000000000e+00 
5.989999999999987e-10 0.000000000000000e+00 
5.999999999999987e-10 0.000000000000000e+00 
6.009999999999986e-10 0.000000000000000e+00 
6.019999999999986e-10 0.000000000000000e+00 
6.029999999999986e-10 0.000000000000000e+00 
6.039999999999986e-10 0.000000000000000e+00 
6.049999999999986e-10 0.000000000000000e+00 
6.059999999999986e-10 0.000000000000000e+00 
6.069999999999986e-10 0.000000000000000e+00 
6.079999999999986e-10 0.000000000000000e+00 
6.089999999999986e-10 0.000000000000000e+00 
6.099999999999986e-10 0.000000000000000e+00 
6.109999999999986e-10 0.000000000000000e+00 
6.119999999999986e-10 0.000000000000000e+00 
6.129999999999986e-10 0.000000000000000e+00 
6.139999999999986e-10 0.000000000000000e+00 
6.149999999999986e-10 0.000000000000000e+00 
6.159999999999986e-10 0.000000000000000e+00 
6.169999999999986e-10 0.000000000000000e+00 
6.179999999999986e-10 0.000000000000000e+00 
6.189999999999986e-10 0.000000000000000e+00 
6.199999999999986e-10 0.000000000000000e+00 
6.209999999999986e-10 0.000000000000000e+00 
6.219999999999986e-10 0.000000000000000e+00 
6.229999999999986e-10 0.000000000000000e+00 
6.239999999999986e-10 0.000000000000000e+00 
6.249999999999986e-10 0.000000000000000e+00 
6.259999999999986e-10 0.000000000000000e+00 
6.269999999999986e-10 0.000000000000000e+00 
6.279999999999986e-10 0.000000000000000e+00 
6.289999999999986e-10 0.000000000000000e+00 
6.299999999999985e-10 0.000000000000000e+00 
6.309999999999985e-10 0.000000000000000e+00 
6.319999999999985e-10 0.000000000000000e+00 
6.329999999999985e-10 0.000000000000000e+00 
6.339999999999985e-10 0.000000000000000e+00 
6.349999999999985e-10 0.000000000000000e+00 
6.359999999999985e-10 0.000000000000000e+00 
6.369999999999985e-10 0.000000000000000e+00 
6.379999999999985e-10 0.000000000000000e+00 
6.389999999999985e-10 0.000000000000000e+00 
6.399999999999985e-10 0.000000000000000e+00 
6.409999999999985e-10 0.000000000000000e+00 
6.419999999999985e-10 0.000000000000000e+00 
6.429999999999985e-10 0.000000000000000e+00 
6.439999999999985e-10 0.000000000000000e+00 
6.449999999999985e-10 0.000000000000000e+00 
6.459999999999985e-10 0.000000000000000e+00 
6.469999999999985e-10 0.000000000000000e+00 
6.479999999999985e-10 0.000000000000000e+00 
6.489999999999985e-10 0.000000000000000e+00 
6.499999999999985e-10 0.000000000000000e+00 
6.509999999999985e-10 0.000000000000000e+00 
6.519999999999985e-10 0.000000000000000e+00 
6.529999999999985e-10 0.000000000000000e+00 
6.539999999999985e-10 0.000000000000000e+00 
6.549999999999985e-10 0.000000000000000e+00 
6.559999999999985e-10 0.000000000000000e+00 
6.569999999999985e-10 0.000000000000000e+00 
6.579999999999985e-10 0.000000000000000e+00 
6.589999999999984e-10 0.000000000000000e+00 
6.599999999999984e-10 0.000000000000000e+00 
6.609999999999984e-10 0.000000000000000e+00 
6.619999999999984e-10 0.000000000000000e+00 
6.629999999999984e-10 0.000000000000000e+00 
6.639999999999984e-10 0.000000000000000e+00 
6.649999999999984e-10 0.000000000000000e+00 
6.659999999999984e-10 0.000000000000000e+00 
6.669999999999984e-10 0.000000000000000e+00 
6.679999999999984e-10 0.000000000000000e+00 
6.689999999999984e-10 0.000000000000000e+00 
6.699999999999984e-10 0.000000000000000e+00 
6.709999999999984e-10 0.000000000000000e+00 
6.719999999999984e-10 0.000000000000000e+00 
6.729999999999984e-10 0.000000000000000e+00 
6.739999999999984e-10 0.000000000000000e+00 
6.749999999999984e-10 0.000000000000000e+00 
6.759999999999984e-10 0.000000000000000e+00 
6.769999999999984e-10 0.000000000000000e+00 
6.779999999999984e-10 0.000000000000000e+00 
6.789999999999984e-10 0.000000000000000e+00 
6.799999999999984e-10 0.000000000000000e+00 
6.809999999999984e-10 0.000000000000000e+00 
6.819999999999984e-10 0.000000000000000e+00 
6.829999999999984e-10 0.000000000000000e+00 
6.839999999999984e-10 0.000000000000000e+00 
6.849999999999984e-10 0.000000000000000e+00 
6.859999999999984e-10 0.000000000000000e+00 
6.869999999999984e-10 0.000000000000000e+00 
6.879999999999983e-10 0.000000000000000e+00 
6.889999999999983e-10 0.000000000000000e+00 
6.899999999999983e-10 0.000000000000000e+00 
6.909999999999983e-10 0.000000000000000e+00 
6.919999999999983e-10 0.000000000000000e+00 
6.929999999999983e-10 0.000000000000000e+00 
6.939999999999983e-10 0.000000000000000e+00 
6.949999999999983e-10 0.000000000000000e+00 
6.959999999999983e-10 0.000000000000000e+00 
6.969999999999983e-10 0.000000000000000e+00 
6.979999999999983e-10 0.000000000000000e+00 
6.989999999999983e-10 0.000000000000000e+00 
6.999999999999983e-10 0.000000000000000e+00 
7.009999999999983e-10 0.000000000000000e+00 
7.019999999999983e-10 0.000000000000000e+00 
7.029999999999983e-10 0.000000000000000e+00 
7.039999999999983e-10 0.000000000000000e+00 
7.049999999999983e-10 0.000000000000000e+00 
7.059999999999983e-10 0.000000000000000e+00 
7.069999999999983e-10 0.000000000000000e+00 
7.079999999999983e-10 0.000000000000000e+00 
7.089999999999983e-10 0.000000000000000e+00 
7.099999999999983e-10 0.000000000000000e+00 
7.109999999999983e-10 0.000000000000000e+00 
7.119999999999983e-10 0.000000000000000e+00 
7.129999999999983e-10 0.000000000000000e+00 
7.139999999999983e-10 0.000000000000000e+00 
7.149999999999983e-10 0.000000000000000e+00 
7.159999999999983e-10 0.000000000000000e+00 
7.169999999999982e-10 0.000000000000000e+00 
7.179999999999982e-10 0.000000000000000e+00 
7.189999999999982e-10 0.000000000000000e+00 
7.199999999999982e-10 0.000000000000000e+00 
7.209999999999982e-10 0.000000000000000e+00 
7.219999999999982e-10 0.000000000000000e+00 
7.229999999999982e-10 0.000000000000000e+00 
7.239999999999982e-10 0.000000000000000e+00 
7.249999999999982e-10 0.000000000000000e+00 
7.259999999999982e-10 0.000000000000000e+00 
7.269999999999982e-10 0.000000000000000e+00 
7.279999999999982e-10 0.000000000000000e+00 
7.289999999999982e-10 0.000000000000000e+00 
7.299999999999982e-10 0.000000000000000e+00 
7.309999999999982e-10 0.000000000000000e+00 
7.319999999999982e-10 0.000000000000000e+00 
7.329999999999982e-10 0.000000000000000e+00 
7.339999999999982e-10 0.000000000000000e+00 
7.349999999999982e-10 0.000000000000000e+00 
7.359999999999982e-10 0.000000000000000e+00 
7.369999999999982e-10 0.000000000000000e+00 
7.379999999999982e-10 0.000000000000000e+00 
7.389999999999982e-10 0.000000000000000e+00 
7.399999999999982e-10 0.000000000000000e+00 
7.409999999999982e-10 0.000000000000000e+00 
7.419999999999982e-10 0.000000000000000e+00 
7.429999999999982e-10 0.000000000000000e+00 
7.439999999999982e-10 0.000000000000000e+00 
7.449999999999982e-10 0.000000000000000e+00 
7.459999999999981e-10 0.000000000000000e+00 
7.469999999999981e-10 0.000000000000000e+00 
7.479999999999981e-10 0.000000000000000e+00 
7.489999999999981e-10 0.000000000000000e+00 
7.499999999999981e-10 0.000000000000000e+00 
7.509999999999981e-10 0.000000000000000e+00 
7.519999999999981e-10 0.000000000000000e+00 
7.529999999999981e-10 0.000000000000000e+00 
7.539999999999981e-10 0.000000000000000e+00 
7.549999999999981e-10 0.000000000000000e+00 
7.559999999999981e-10 0.000000000000000e+00 
7.569999999999981e-10 0.000000000000000e+00 
7.579999999999981e-10 0.000000000000000e+00 
7.589999999999981e-10 0.000000000000000e+00 
7.599999999999981e-10 0.000000000000000e+00 
7.609999999999981e-10 0.000000000000000e+00 
7.619999999999981e-10 0.000000000000000e+00 
7.629999999999981e-10 0.000000000000000e+00 
7.639999999999981e-10 0.000000000000000e+00 
7.649999999999981e-10 0.000000000000000e+00 
7.659999999999981e-10 0.000000000000000e+00 
7.669999999999981e-10 0.000000000000000e+00 
7.679999999999981e-10 0.000000000000000e+00 
7.689999999999981e-10 0.000000000000000e+00 
7.699999999999981e-10 0.000000000000000e+00 
7.709999999999981e-10 0.000000000000000e+00 
7.719999999999981e-10 0.000000000000000e+00 
7.729999999999981e-10 0.000000000000000e+00 
7.739999999999981e-10 0.000000000000000e+00 
7.749999999999980e-10 0.000000000000000e+00 
7.759999999999980e-10 0.000000000000000e+00 
7.769999999999980e-10 0.000000000000000e+00 
7.779999999999980e-10 0.000000000000000e+00 
7.789999999999980e-10 0.000000000000000e+00 
7.799999999999980e-10 0.000000000000000e+00 
7.809999999999980e-10 0.000000000000000e+00 
7.819999999999980e-10 0.000000000000000e+00 
7.829999999999980e-10 0.000000000000000e+00 
7.839999999999980e-10 0.000000000000000e+00 
7.849999999999980e-10 0.000000000000000e+00 
7.859999999999980e-10 0.000000000000000e+00 
7.869999999999980e-10 0.000000000000000e+00 
7.879999999999980e-10 0.000000000000000e+00 
7.889999999999980e-10 0.000000000000000e+00 
7.899999999999980e-10 0.000000000000000e+00 
7.909999999999980e-10 0.000000000000000e+00 
7.919999999999980e-10 0.000000000000000e+00 
7.929999999999980e-10 0.000000000000000e+00 
7.939999999999980e-10 0.000000000000000e+00 
7.949999999999980e-10 0.000000000000000e+00 
7.959999999999980e-10 0.000000000000000e+00 
7.969999999999980e-10 0.000000000000000e+00 
7.979999999999980e-10 0.000000000000000e+00 
7.989999999999980e-10 0.000000000000000e+00 
7.999999999999980e-10 0.000000000000000e+00 
8.009999999999980e-10 0.000000000000000e+00 
8.019999999999980e-10 0.000000000000000e+00 
8.029999999999980e-10 0.000000000000000e+00 
8.039999999999979e-10 0.000000000000000e+00 
8.049999999999979e-10 0.000000000000000e+00 
8.059999999999979e-10 0.000000000000000e+00 
8.069999999999979e-10 0.000000000000000e+00 
8.079999999999979e-10 0.000000000000000e+00 
8.089999999999979e-10 0.000000000000000e+00 
8.099999999999979e-10 0.000000000000000e+00 
8.109999999999979e-10 0.000000000000000e+00 
8.119999999999979e-10 0.000000000000000e+00 
8.129999999999979e-10 0.000000000000000e+00 
8.139999999999979e-10 0.000000000000000e+00 
8.149999999999979e-10 0.000000000000000e+00 
8.159999999999979e-10 0.000000000000000e+00 
8.169999999999979e-10 0.000000000000000e+00 
8.179999999999979e-10 0.000000000000000e+00 
8.189999999999979e-10 0.000000000000000e+00 
8.199999999999979e-10 0.000000000000000e+00 
8.209999999999979e-10 0.000000000000000e+00 
8.219999999999979e-10 0.000000000000000e+00 
8.229999999999979e-10 0.000000000000000e+00 
8.239999999999979e-10 0.000000000000000e+00 
8.249999999999979e-10 0.000000000000000e+00 
8.259999999999979e-10 0.000000000000000e+00 
8.269999999999979e-10 0.000000000000000e+00 
8.279999999999979e-10 0.000000000000000e+00 
8.289999999999979e-10 0.000000000000000e+00 
8.299999999999979e-10 0.000000000000000e+00 
8.309999999999979e-10 0.000000000000000e+00 
8.319999999999979e-10 0.000000000000000e+00 
8.329999999999978e-10 0.000000000000000e+00 
8.339999999999978e-10 0.000000000000000e+00 
8.349999999999978e-10 0.000000000000000e+00 
8.359999999999978e-10 0.000000000000000e+00 
8.369999999999978e-10 0.000000000000000e+00 
8.379999999999978e-10 0.000000000000000e+00 
8.389999999999978e-10 0.000000000000000e+00 
8.399999999999978e-10 0.000000000000000e+00 
8.409999999999978e-10 0.000000000000000e+00 
8.419999999999978e-10 0.000000000000000e+00 
8.429999999999978e-10 0.000000000000000e+00 
8.439999999999978e-10 0.000000000000000e+00 
8.449999999999978e-10 0.000000000000000e+00 
8.459999999999978e-10 0.000000000000000e+00 
8.469999999999978e-10 0.000000000000000e+00 
8.479999999999978e-10 0.000000000000000e+00 
8.489999999999978e-10 0.000000000000000e+00 
8.499999999999978e-10 0.000000000000000e+00 
8.509999999999978e-10 0.000000000000000e+00 
8.519999999999978e-10 0.000000000000000e+00 
8.529999999999978e-10 0.000000000000000e+00 
8.539999999999978e-10 0.000000000000000e+00 
8.549999999999978e-10 0.000000000000000e+00 
8.559999999999978e-10 0.000000000000000e+00 
8.569999999999978e-10 0.000000000000000e+00 
8.579999999999978e-10 0.000000000000000e+00 
8.589999999999978e-10 0.000000000000000e+00 
8.599999999999978e-10 0.000000000000000e+00 
8.609999999999978e-10 0.000000000000000e+00 
8.619999999999977e-10 0.000000000000000e+00 
8.629999999999977e-10 0.000000000000000e+00 
8.639999999999977e-10 0.000000000000000e+00 
8.649999999999977e-10 0.000000000000000e+00 
8.659999999999977e-10 0.000000000000000e+00 
8.669999999999977e-10 0.000000000000000e+00 
8.679999999999977e-10 0.000000000000000e+00 
8.689999999999977e-10 0.000000000000000e+00 
8.699999999999977e-10 0.000000000000000e+00 
8.709999999999977e-10 0.000000000000000e+00 
8.719999999999977e-10 0.000000000000000e+00 
8.729999999999977e-10 0.000000000000000e+00 
8.739999999999977e-10 0.000000000000000e+00 
8.749999999999977e-10 0.000000000000000e+00 
8.759999999999977e-10 0.000000000000000e+00 
8.769999999999977e-10 0.000000000000000e+00 
8.779999999999977e-10 0.000000000000000e+00 
8.789999999999977e-10 0.000000000000000e+00 
8.799999999999977e-10 0.000000000000000e+00 
8.809999999999977e-10 0.000000000000000e+00 
8.819999999999977e-10 0.000000000000000e+00 
8.829999999999977e-10 0.000000000000000e+00 
8.839999999999977e-10 0.000000000000000e+00 
8.849999999999977e-10 0.000000000000000e+00 
8.859999999999977e-10 0.000000000000000e+00 
8.869999999999977e-10 0.000000000000000e+00 
8.879999999999977e-10 0.000000000000000e+00 
8.889999999999977e-10 0.000000000000000e+00 
8.899999999999977e-10 0.000000000000000e+00 
8.909999999999976e-10 0.000000000000000e+00 
8.919999999999976e-10 0.000000000000000e+00 
8.929999999999976e-10 0.000000000000000e+00 
8.939999999999976e-10 0.000000000000000e+00 
8.949999999999976e-10 0.000000000000000e+00 
8.959999999999976e-10 0.000000000000000e+00 
8.969999999999976e-10 0.000000000000000e+00 
8.979999999999976e-10 0.000000000000000e+00 
8.989999999999976e-10 0.000000000000000e+00 
8.999999999999976e-10 0.000000000000000e+00 
9.009999999999976e-10 0.000000000000000e+00 
9.019999999999976e-10 0.000000000000000e+00 
9.029999999999976e-10 0.000000000000000e+00 
9.039999999999976e-10 0.000000000000000e+00 
9.049999999999976e-10 0.000000000000000e+00 
9.059999999999976e-10 0.000000000000000e+00 
9.069999999999976e-10 0.000000000000000e+00 
9.079999999999976e-10 0.000000000000000e+00 
9.089999999999976e-10 0.000000000000000e+00 
9.099999999999976e-10 0.000000000000000e+00 
9.109999999999976e-10 0.000000000000000e+00 
9.119999999999976e-10 0.000000000000000e+00 
9.129999999999976e-10 0.000000000000000e+00 
9.139999999999976e-10 0.000000000000000e+00 
9.149999999999976e-10 0.000000000000000e+00 
9.159999999999976e-10 0.000000000000000e+00 
9.169999999999976e-10 0.000000000000000e+00 
9.179999999999976e-10 0.000000000000000e+00 
9.189999999999976e-10 0.000000000000000e+00 
9.199999999999975e-10 0.000000000000000e+00 
9.209999999999975e-10 0.000000000000000e+00 
9.219999999999975e-10 0.000000000000000e+00 
9.229999999999975e-10 0.000000000000000e+00 
9.239999999999975e-10 0.000000000000000e+00 
9.249999999999975e-10 0.000000000000000e+00 
9.259999999999975e-10 0.000000000000000e+00 
9.269999999999975e-10 0.000000000000000e+00 
9.279999999999975e-10 0.000000000000000e+00 
9.289999999999975e-10 0.000000000000000e+00 
9.299999999999975e-10 0.000000000000000e+00 
9.309999999999975e-10 0.000000000000000e+00 
9.319999999999976e-10 0.000000000000000e+00 
9.329999999999977e-10 0.000000000000000e+00 
9.339999999999978e-10 0.000000000000000e+00 
9.349999999999979e-10 0.000000000000000e+00 
9.359999999999980e-10 0.000000000000000e+00 
9.369999999999981e-10 0.000000000000000e+00 
9.379999999999982e-10 0.000000000000000e+00 
9.389999999999983e-10 0.000000000000000e+00 
9.399999999999984e-10 0.000000000000000e+00 
9.409999999999985e-10 0.000000000000000e+00 
9.419999999999986e-10 0.000000000000000e+00 
9.429999999999987e-10 0.000000000000000e+00 
9.439999999999988e-10 0.000000000000000e+00 
9.449999999999989e-10 0.000000000000000e+00 
9.459999999999990e-10 0.000000000000000e+00 
9.469999999999991e-10 0.000000000000000e+00 
9.479999999999992e-10 0.000000000000000e+00 
9.489999999999993e-10 0.000000000000000e+00 
9.499999999999994e-10 0.000000000000000e+00 
9.509999999999995e-10 0.000000000000000e+00 
9.519999999999996e-10 0.000000000000000e+00 
9.529999999999997e-10 0.000000000000000e+00 
9.539999999999998e-10 0.000000000000000e+00 
9.549999999999999e-10 0.000000000000000e+00 
9.560000000000000e-10 0.000000000000000e+00 
9.570000000000001e-10 0.000000000000000e+00 
9.580000000000002e-10 0.000000000000000e+00 
9.590000000000003e-10 0.000000000000000e+00 
9.600000000000004e-10 0.000000000000000e+00 
9.610000000000005e-10 0.000000000000000e+00 
9.620000000000006e-10 0.000000000000000e+00 
9.630000000000007e-10 0.000000000000000e+00 
9.640000000000008e-10 0.000000000000000e+00 
9.650000000000009e-10 0.000000000000000e+00 
9.660000000000010e-10 0.000000000000000e+00 
9.670000000000011e-10 0.000000000000000e+00 
9.680000000000012e-10 0.000000000000000e+00 
9.690000000000013e-10 0.000000000000000e+00 
9.700000000000014e-10 0.000000000000000e+00 
9.710000000000015e-10 0.000000000000000e+00 
9.720000000000016e-10 0.000000000000000e+00 
9.730000000000017e-10 0.000000000000000e+00 
9.740000000000018e-10 0.000000000000000e+00 
9.750000000000019e-10 0.000000000000000e+00 
9.760000000000020e-10 0.000000000000000e+00 
9.770000000000021e-10 0.000000000000000e+00 
9.780000000000022e-10 0.000000000000000e+00 
9.790000000000023e-10 0.000000000000000e+00 
9.800000000000024e-10 0.000000000000000e+00 
9.810000000000025e-10 0.000000000000000e+00 
9.820000000000026e-10 0.000000000000000e+00 
9.830000000000027e-10 0.000000000000000e+00 
9.840000000000028e-10 0.000000000000000e+00 
9.850000000000029e-10 0.000000000000000e+00 
9.860000000000030e-10 0.000000000000000e+00 
9.870000000000031e-10 0.000000000000000e+00 
9.880000000000032e-10 0.000000000000000e+00 
9.890000000000033e-10 0.000000000000000e+00 
9.900000000000034e-10 0.000000000000000e+00 
9.910000000000035e-10 0.000000000000000e+00 
9.920000000000036e-10 0.000000000000000e+00 
9.930000000000037e-10 0.000000000000000e+00 
9.940000000000038e-10 0.000000000000000e+00 
9.950000000000039e-10 0.000000000000000e+00 
9.960000000000040e-10 0.000000000000000e+00 
9.970000000000041e-10 0.000000000000000e+00 
9.980000000000042e-10 0.000000000000000e+00 
9.990000000000043e-10 0.000000000000000e+00 
1.000000000000004e-09 6.250000000107232e-05 
1.001000000000005e-09 5.000000000022080e-04 
1.002000000000005e-09 9.999999999858729e-04 
1.003000000000005e-09 1.000000000000000e-03 
1.004000000000005e-09 9.999999999991628e-04 
1.005000000000005e-09 9.749999999998770e-04 
1.006000000000005e-09 9.499999999998746e-04 
1.007000000000005e-09 9.249999999998720e-04 
1.008000000000005e-09 8.999999999998694e-04 
1.009000000000005e-09 8.749999999998671e-04 
1.010000000000005e-09 8.499999999998645e-04 
1.011000000000006e-09 8.249999999998620e-04 
1.012000000000006e-09 7.999999999998595e-04 
1.013000000000006e-09 7.749999999998571e-04 
1.014000000000006e-09 7.499999999998545e-04 
1.015000000000006e-09 7.249999999998520e-04 
1.016000000000006e-09 6.999999999998496e-04 
1.017000000000006e-09 6.749999999998469e-04 
1.018000000000006e-09 6.499999999998445e-04 
1.019000000000006e-09 6.249999999998420e-04 
1.020000000000006e-09 5.999999999998395e-04 
1.021000000000007e-09 5.749999999998370e-04 
1.022000000000007e-09 5.499999999998346e-04 
1.023000000000007e-09 5.249999999998319e-04 
1.024000000000007e-09 4.999999999998295e-04 
1.025000000000007e-09 4.749999999998296e-04 
1.026000000000007e-09 4.499999999998271e-04 
1.027000000000007e-09 4.249999999998246e-04 
1.028000000000007e-09 3.999999999998221e-04 
1.029000000000007e-09 3.749999999998196e-04 
1.030000000000007e-09 3.499999999998171e-04 
1.031000000000008e-09 3.249999999998146e-04 
1.032000000000008e-09 2.999999999998121e-04 
1.033000000000008e-09 2.749999999998096e-04 
1.034000000000008e-09 2.499999999998071e-04 
1.035000000000008e-09 2.249999999998046e-04 
1.036000000000008e-09 1.999999999998021e-04 
1.037000000000008e-09 1.749999999997996e-04 
1.038000000000008e-09 1.499999999997971e-04 
1.039000000000008e-09 1.249999999997946e-04 
1.040000000000008e-09 9.999999999979207e-05 
1.041000000000009e-09 7.499999999978959e-05 
1.042000000000009e-09 4.999999999978708e-05 
1.043000000000009e-09 2.499999999978458e-05 
1.044000000000009e-09 3.124999999890706e-06 
1.045000000000009e-09 0.000000000000000e+00 
1.046000000000009e-09 0.000000000000000e+00 
1.047000000000009e-09 0.000000000000000e+00 
1.048000000000009e-09 0.000000000000000e+00 
1.049000000000009e-09 0.000000000000000e+00 
1.050000000000009e-09 0.000000000000000e+00 
1.051000000000010e-09 0.000000000000000e+00 
1.052000000000010e-09 0.000000000000000e+00 
1.053000000000010e-09 0.000000000000000e+00 
1.054000000000010e-09 0.000000000000000e+00 
1.055000000000010e-09 0.000000000000000e+00 
1.056000000000010e-09 0.000000000000000e+00 
1.057000000000010e-09 0.000000000000000e+00 
1.058000000000010e-09 0.000000000000000e+00 
1.059000000000010e-09 0.000000000000000e+00 
1.060000000000010e-09 0.000000000000000e+00 
1.061000000000011e-09 0.000000000000000e+00 
1.062000000000011e-09 0.000000000000000e+00 
1.063000000000011e-09 0.000000000000000e+00 
1.064000000000011e-09 0.000000000000000e+00 
1.065000000000011e-09 0.000000000000000e+00 
1.066000000000011e-09 0.000000000000000e+00 
1.067000000000011e-09 0.000000000000000e+00 
1.068000000000011e-09 0.000000000000000e+00 
1.069000000000011e-09 0.000000000000000e+00 
1.070000000000011e-09 0.000000000000000e+00 
1.071000000000012e-09 0.000000000000000e+00 
1.072000000000012e-09 0.000000000000000e+00 
1.073000000000012e-09 0.000000000000000e+00 
1.074000000000012e-09 0.000000000000000e+00 
1.075000000000012e-09 0.000000000000000e+00 
1.076000000000012e-09 0.000000000000000e+00 
1.077000000000012e-09 0.000000000000000e+00 
1.078000000000012e-09 0.000000000000000e+00 
1.079000000000012e-09 0.000000000000000e+00 
1.080000000000012e-09 0.000000000000000e+00 
1.081000000000013e-09 0.000000000000000e+00 
1.082000000000013e-09 0.000000000000000e+00 
1.083000000000013e-09 0.000000000000000e+00 
1.084000000000013e-09 0.000000000000000e+00 
1.085000000000013e-09 0.000000000000000e+00 
1.086000000000013e-09 0.000000000000000e+00 
1.087000000000013e-09 0.000000000000000e+00 
1.088000000000013e-09 0.000000000000000e+00 
1.089000000000013e-09 0.000000000000000e+00 
1.090000000000013e-09 0.000000000000000e+00 
1.091000000000013e-09 0.000000000000000e+00 
1.092000000000014e-09 0.000000000000000e+00 
1.093000000000014e-09 0.000000000000000e+00 
1.094000000000014e-09 0.000000000000000e+00 
1.095000000000014e-09 0.000000000000000e+00 
1.096000000000014e-09 0.000000000000000e+00 
1.097000000000014e-09 0.000000000000000e+00 
1.098000000000014e-09 0.000000000000000e+00 
1.099000000000014e-09 0.000000000000000e+00 
1.100000000000014e-09 0.000000000000000e+00 
1.101000000000014e-09 0.000000000000000e+00 
1.102000000000015e-09 0.000000000000000e+00 
1.103000000000015e-09 0.000000000000000e+00 
1.104000000000015e-09 0.000000000000000e+00 
1.105000000000015e-09 0.000000000000000e+00 
1.106000000000015e-09 0.000000000000000e+00 
1.107000000000015e-09 0.000000000000000e+00 
1.108000000000015e-09 0.000000000000000e+00 
1.109000000000015e-09 0.000000000000000e+00 
1.110000000000015e-09 0.000000000000000e+00 
1.111000000000015e-09 0.000000000000000e+00 
1.112000000000016e-09 0.000000000000000e+00 
1.113000000000016e-09 0.000000000000000e+00 
1.114000000000016e-09 0.000000000000000e+00 
1.115000000000016e-09 0.000000000000000e+00 
1.116000000000016e-09 0.000000000000000e+00 
1.117000000000016e-09 0.000000000000000e+00 
1.118000000000016e-09 0.000000000000000e+00 
1.119000000000016e-09 0.000000000000000e+00 
1.120000000000016e-09 0.000000000000000e+00 
1.121000000000016e-09 0.000000000000000e+00 
1.122000000000017e-09 0.000000000000000e+00 
1.123000000000017e-09 0.000000000000000e+00 
1.124000000000017e-09 0.000000000000000e+00 
1.125000000000017e-09 0.000000000000000e+00 
1.126000000000017e-09 0.000000000000000e+00 
1.127000000000017e-09 0.000000000000000e+00 
1.128000000000017e-09 0.000000000000000e+00 
1.129000000000017e-09 0.000000000000000e+00 
1.130000000000017e-09 0.000000000000000e+00 
1.131000000000017e-09 0.000000000000000e+00 
1.132000000000018e-09 0.000000000000000e+00 
1.133000000000018e-09 0.000000000000000e+00 
1.134000000000018e-09 0.000000000000000e+00 
1.135000000000018e-09 0.000000000000000e+00 
1.136000000000018e-09 0.000000000000000e+00 
1.137000000000018e-09 0.000000000000000e+00 
1.138000000000018e-09 0.000000000000000e+00 
1.139000000000018e-09 0.000000000000000e+00 
1.140000000000018e-09 0.000000000000000e+00 
1.141000000000018e-09 0.000000000000000e+00 
1.142000000000019e-09 0.000000000000000e+00 
1.143000000000019e-09 0.000000000000000e+00 
1.144000000000019e-09 0.000000000000000e+00 
1.145000000000019e-09 0.000000000000000e+00 
1.146000000000019e-09 0.000000000000000e+00 
1.147000000000019e-09 0.000000000000000e+00 
1.148000000000019e-09 0.000000000000000e+00 
1.149000000000019e-09 0.000000000000000e+00 
1.150000000000019e-09 0.000000000000000e+00 
1.151000000000019e-09 0.000000000000000e+00 
1.152000000000020e-09 0.000000000000000e+00 
1.153000000000020e-09 0.000000000000000e+00 
1.154000000000020e-09 0.000000000000000e+00 
1.155000000000020e-09 0.000000000000000e+00 
1.156000000000020e-09 0.000000000000000e+00 
1.157000000000020e-09 0.000000000000000e+00 
1.158000000000020e-09 0.000000000000000e+00 
1.159000000000020e-09 0.000000000000000e+00 
1.160000000000020e-09 0.000000000000000e+00 
1.161000000000020e-09 0.000000000000000e+00 
1.162000000000021e-09 0.000000000000000e+00 
1.163000000000021e-09 0.000000000000000e+00 
1.164000000000021e-09 0.000000000000000e+00 
1.165000000000021e-09 0.000000000000000e+00 
1.166000000000021e-09 0.000000000000000e+00 
1.167000000000021e-09 0.000000000000000e+00 
1.168000000000021e-09 0.000000000000000e+00 
1.169000000000021e-09 0.000000000000000e+00 
1.170000000000021e-09 0.000000000000000e+00 
1.171000000000021e-09 0.000000000000000e+00 
1.172000000000022e-09 0.000000000000000e+00 
1.173000000000022e-09 0.000000000000000e+00 
1.174000000000022e-09 0.000000000000000e+00 
1.175000000000022e-09 0.000000000000000e+00 
1.176000000000022e-09 0.000000000000000e+00 
1.177000000000022e-09 0.000000000000000e+00 
1.178000000000022e-09 0.000000000000000e+00 
1.179000000000022e-09 0.000000000000000e+00 
1.180000000000022e-09 0.000000000000000e+00 
1.181000000000022e-09 0.000000000000000e+00 
1.182000000000023e-09 0.000000000000000e+00 
1.183000000000023e-09 0.000000000000000e+00 
1.184000000000023e-09 0.000000000000000e+00 
1.185000000000023e-09 0.000000000000000e+00 
1.186000000000023e-09 0.000000000000000e+00 
1.187000000000023e-09 0.000000000000000e+00 
1.188000000000023e-09 0.000000000000000e+00 
1.189000000000023e-09 0.000000000000000e+00 
1.190000000000023e-09 0.000000000000000e+00 
1.191000000000023e-09 0.000000000000000e+00 
1.192000000000024e-09 0.000000000000000e+00 
1.193000000000024e-09 0.000000000000000e+00 
1.194000000000024e-09 0.000000000000000e+00 
1.195000000000024e-09 0.000000000000000e+00 
1.196000000000024e-09 0.000000000000000e+00 
1.197000000000024e-09 0.000000000000000e+00 
1.198000000000024e-09 0.000000000000000e+00 
1.199000000000024e-09 0.000000000000000e+00 
1.200000000000024e-09 0.000000000000000e+00 
1.201000000000024e-09 0.000000000000000e+00 
1.202000000000025e-09 0.000000000000000e+00 
1.203000000000025e-09 0.000000000000000e+00 
1.204000000000025e-09 0.000000000000000e+00 
1.205000000000025e-09 0.000000000000000e+00 
1.206000000000025e-09 0.000000000000000e+00 
1.207000000000025e-09 0.000000000000000e+00 
1.208000000000025e-09 0.000000000000000e+00 
1.209000000000025e-09 0.000000000000000e+00 
1.210000000000025e-09 0.000000000000000e+00 
1.211000000000025e-09 0.000000000000000e+00 
1.212000000000026e-09 0.000000000000000e+00 
1.213000000000026e-09 0.000000000000000e+00 
1.214000000000026e-09 0.000000000000000e+00 
1.215000000000026e-09 0.000000000000000e+00 
1.216000000000026e-09 0.000000000000000e+00 
1.217000000000026e-09 0.000000000000000e+00 
1.218000000000026e-09 0.000000000000000e+00 
1.219000000000026e-09 0.000000000000000e+00 
1.220000000000026e-09 0.000000000000000e+00 
1.221000000000026e-09 0.000000000000000e+00 
1.222000000000027e-09 0.000000000000000e+00 
1.223000000000027e-09 0.000000000000000e+00 
1.224000000000027e-09 0.000000000000000e+00 
1.225000000000027e-09 0.000000000000000e+00 
1.226000000000027e-09 0.000000000000000e+00 
1.227000000000027e-09 0.000000000000000e+00 
1.228000000000027e-09 0.000000000000000e+00 
1.229000000000027e-09 0.000000000000000e+00 
1.230000000000027e-09 0.000000000000000e+00 
1.231000000000027e-09 0.000000000000000e+00 
1.232000000000028e-09 0.000000000000000e+00 
1.233000000000028e-09 0.000000000000000e+00 
1.234000000000028e-09 0.000000000000000e+00 
1.235000000000028e-09 0.000000000000000e+00 
1.236000000000028e-09 0.000000000000000e+00 
1.237000000000028e-09 0.000000000000000e+00 
1.238000000000028e-09 0.000000000000000e+00 
1.239000000000028e-09 0.000000000000000e+00 
1.240000000000028e-09 0.000000000000000e+00 
1.241000000000028e-09 0.000000000000000e+00 
1.242000000000029e-09 0.000000000000000e+00 
1.243000000000029e-09 0.000000000000000e+00 
1.244000000000029e-09 0.000000000000000e+00 
1.245000000000029e-09 0.000000000000000e+00 
1.246000000000029e-09 0.000000000000000e+00 
1.247000000000029e-09 0.000000000000000e+00 
1.248000000000029e-09 0.000000000000000e+00 
1.249000000000029e-09 0.000000000000000e+00 
1.250000000000029e-09 0.000000000000000e+00 
1.251000000000029e-09 0.000000000000000e+00 
1.252000000000030e-09 0.000000000000000e+00 
1.253000000000030e-09 0.000000000000000e+00 
1.254000000000030e-09 0.000000000000000e+00 
1.255000000000030e-09 0.000000000000000e+00 
1.256000000000030e-09 0.000000000000000e+00 
1.257000000000030e-09 0.000000000000000e+00 
1.258000000000030e-09 0.000000000000000e+00 
1.259000000000030e-09 0.000000000000000e+00 
1.260000000000030e-09 0.000000000000000e+00 
1.261000000000030e-09 0.000000000000000e+00 
1.262000000000031e-09 0.000000000000000e+00 
1.263000000000031e-09 0.000000000000000e+00 
1.264000000000031e-09 0.000000000000000e+00 
1.265000000000031e-09 0.000000000000000e+00 
1.266000000000031e-09 0.000000000000000e+00 
1.267000000000031e-09 0.000000000000000e+00 
1.268000000000031e-09 0.000000000000000e+00 
1.269000000000031e-09 0.000000000000000e+00 
1.270000000000031e-09 0.000000000000000e+00 
1.271000000000031e-09 0.000000000000000e+00 
1.272000000000032e-09 0.000000000000000e+00 
1.273000000000032e-09 0.000000000000000e+00 
1.274000000000032e-09 0.000000000000000e+00 
1.275000000000032e-09 0.000000000000000e+00 
1.276000000000032e-09 0.000000000000000e+00 
1.277000000000032e-09 0.000000000000000e+00 
1.278000000000032e-09 0.000000000000000e+00 
1.279000000000032e-09 0.000000000000000e+00 
1.280000000000032e-09 0.000000000000000e+00 
1.281000000000032e-09 0.000000000000000e+00 
1.282000000000033e-09 0.000000000000000e+00 
1.283000000000033e-09 0.000000000000000e+00 
1.284000000000033e-09 0.000000000000000e+00 
1.285000000000033e-09 0.000000000000000e+00 
1.286000000000033e-09 0.000000000000000e+00 
1.287000000000033e-09 0.000000000000000e+00 
1.288000000000033e-09 0.000000000000000e+00 
1.289000000000033e-09 0.000000000000000e+00 
1.290000000000033e-09 0.000000000000000e+00 
1.291000000000033e-09 0.000000000000000e+00 
1.292000000000034e-09 0.000000000000000e+00 
1.293000000000034e-09 0.000000000000000e+00 
1.294000000000034e-09 0.000000000000000e+00 
1.295000000000034e-09 0.000000000000000e+00 
1.296000000000034e-09 0.000000000000000e+00 
1.297000000000034e-09 0.000000000000000e+00 
1.298000000000034e-09 0.000000000000000e+00 
1.299000000000034e-09 0.000000000000000e+00 
1.300000000000034e-09 0.000000000000000e+00 
1.301000000000034e-09 0.000000000000000e+00 
1.302000000000035e-09 0.000000000000000e+00 
1.303000000000035e-09 0.000000000000000e+00 
1.304000000000035e-09 0.000000000000000e+00 
1.305000000000035e-09 0.000000000000000e+00 
1.306000000000035e-09 0.000000000000000e+00 
1.307000000000035e-09 0.000000000000000e+00 
1.308000000000035e-09 0.000000000000000e+00 
1.309000000000035e-09 0.000000000000000e+00 
1.310000000000035e-09 0.000000000000000e+00 
1.311000000000035e-09 0.000000000000000e+00 
1.312000000000036e-09 0.000000000000000e+00 
1.313000000000036e-09 0.000000000000000e+00 
1.314000000000036e-09 0.000000000000000e+00 
1.315000000000036e-09 0.000000000000000e+00 
1.316000000000036e-09 0.000000000000000e+00 
1.317000000000036e-09 0.000000000000000e+00 
1.318000000000036e-09 0.000000000000000e+00 
1.319000000000036e-09 0.000000000000000e+00 
1.320000000000036e-09 0.000000000000000e+00 
1.321000000000036e-09 0.000000000000000e+00 
1.322000000000037e-09 0.000000000000000e+00 
1.323000000000037e-09 0.000000000000000e+00 
1.324000000000037e-09 0.000000000000000e+00 
1.325000000000037e-09 0.000000000000000e+00 
1.326000000000037e-09 0.000000000000000e+00 
1.327000000000037e-09 0.000000000000000e+00 
1.328000000000037e-09 0.000000000000000e+00 
1.329000000000037e-09 0.000000000000000e+00 
1.330000000000037e-09 0.000000000000000e+00 
1.331000000000037e-09 0.000000000000000e+00 
1.332000000000038e-09 0.000000000000000e+00 
1.333000000000038e-09 0.000000000000000e+00 
1.334000000000038e-09 0.000000000000000e+00 
1.335000000000038e-09 0.000000000000000e+00 
1.336000000000038e-09 0.000000000000000e+00 
1.337000000000038e-09 0.000000000000000e+00 
1.338000000000038e-09 0.000000000000000e+00 
1.339000000000038e-09 0.000000000000000e+00 
1.340000000000038e-09 0.000000000000000e+00 
1.341000000000038e-09 0.000000000000000e+00 
1.342000000000039e-09 0.000000000000000e+00 
1.343000000000039e-09 0.000000000000000e+00 
1.344000000000039e-09 0.000000000000000e+00 
1.345000000000039e-09 0.000000000000000e+00 
1.346000000000039e-09 0.000000000000000e+00 
1.347000000000039e-09 0.000000000000000e+00 
1.348000000000039e-09 0.000000000000000e+00 
1.349000000000039e-09 0.000000000000000e+00 
1.350000000000039e-09 0.000000000000000e+00 
1.351000000000039e-09 0.000000000000000e+00 
1.352000000000040e-09 0.000000000000000e+00 
1.353000000000040e-09 0.000000000000000e+00 
1.354000000000040e-09 0.000000000000000e+00 
1.355000000000040e-09 0.000000000000000e+00 
1.356000000000040e-09 0.000000000000000e+00 
1.357000000000040e-09 0.000000000000000e+00 
1.358000000000040e-09 0.000000000000000e+00 
1.359000000000040e-09 0.000000000000000e+00 
1.360000000000040e-09 0.000000000000000e+00 
1.361000000000040e-09 0.000000000000000e+00 
1.362000000000041e-09 0.000000000000000e+00 
1.363000000000041e-09 0.000000000000000e+00 
1.364000000000041e-09 0.000000000000000e+00 
1.365000000000041e-09 0.000000000000000e+00 
1.366000000000041e-09 0.000000000000000e+00 
1.367000000000041e-09 0.000000000000000e+00 
1.368000000000041e-09 0.000000000000000e+00 
1.369000000000041e-09 0.000000000000000e+00 
1.370000000000041e-09 0.000000000000000e+00 
1.371000000000041e-09 0.000000000000000e+00 
1.372000000000042e-09 0.000000000000000e+00 
1.373000000000042e-09 0.000000000000000e+00 
1.374000000000042e-09 0.000000000000000e+00 
1.375000000000042e-09 0.000000000000000e+00 
1.376000000000042e-09 0.000000000000000e+00 
1.377000000000042e-09 0.000000000000000e+00 
1.378000000000042e-09 0.000000000000000e+00 
1.379000000000042e-09 0.000000000000000e+00 
1.380000000000042e-09 0.000000000000000e+00 
1.381000000000042e-09 0.000000000000000e+00 
1.382000000000043e-09 0.000000000000000e+00 
1.383000000000043e-09 0.000000000000000e+00 
1.384000000000043e-09 0.000000000000000e+00 
1.385000000000043e-09 0.000000000000000e+00 
1.386000000000043e-09 0.000000000000000e+00 
1.387000000000043e-09 0.000000000000000e+00 
1.388000000000043e-09 0.000000000000000e+00 
1.389000000000043e-09 0.000000000000000e+00 
1.390000000000043e-09 0.000000000000000e+00 
1.391000000000043e-09 0.000000000000000e+00 
1.392000000000044e-09 0.000000000000000e+00 
1.393000000000044e-09 0.000000000000000e+00 
1.394000000000044e-09 0.000000000000000e+00 
1.395000000000044e-09 0.000000000000000e+00 
1.396000000000044e-09 0.000000000000000e+00 
1.397000000000044e-09 0.000000000000000e+00 
1.398000000000044e-09 0.000000000000000e+00 
1.399000000000044e-09 0.000000000000000e+00 
1.400000000000044e-09 0.000000000000000e+00 
1.401000000000044e-09 0.000000000000000e+00 
1.402000000000045e-09 0.000000000000000e+00 
1.403000000000045e-09 0.000000000000000e+00 
1.404000000000045e-09 0.000000000000000e+00 
1.405000000000045e-09 0.000000000000000e+00 
1.406000000000045e-09 0.000000000000000e+00 
1.407000000000045e-09 0.000000000000000e+00 
1.408000000000045e-09 0.000000000000000e+00 
1.409000000000045e-09 0.000000000000000e+00 
1.410000000000045e-09 0.000000000000000e+00 
1.411000000000045e-09 0.000000000000000e+00 
1.412000000000046e-09 0.000000000000000e+00 
1.413000000000046e-09 0.000000000000000e+00 
1.414000000000046e-09 0.000000000000000e+00 
1.415000000000046e-09 0.000000000000000e+00 
1.416000000000046e-09 0.000000000000000e+00 
1.417000000000046e-09 0.000000000000000e+00 
1.418000000000046e-09 0.000000000000000e+00 
1.419000000000046e-09 0.000000000000000e+00 
1.420000000000046e-09 0.000000000000000e+00 
1.421000000000046e-09 0.000000000000000e+00 
1.422000000000047e-09 0.000000000000000e+00 
1.423000000000047e-09 0.000000000000000e+00 
1.424000000000047e-09 0.000000000000000e+00 
1.425000000000047e-09 0.000000000000000e+00 
1.426000000000047e-09 0.000000000000000e+00 
1.427000000000047e-09 0.000000000000000e+00 
1.428000000000047e-09 0.000000000000000e+00 
1.429000000000047e-09 0.000000000000000e+00 
1.430000000000047e-09 0.000000000000000e+00 
1.431000000000047e-09 0.000000000000000e+00 
1.432000000000048e-09 0.000000000000000e+00 
1.433000000000048e-09 0.000000000000000e+00 
1.434000000000048e-09 0.000000000000000e+00 
1.435000000000048e-09 0.000000000000000e+00 
1.436000000000048e-09 0.000000000000000e+00 
1.437000000000048e-09 0.000000000000000e+00 
1.438000000000048e-09 0.000000000000000e+00 
1.439000000000048e-09 0.000000000000000e+00 
1.440000000000048e-09 0.000000000000000e+00 
1.441000000000048e-09 0.000000000000000e+00 
1.442000000000049e-09 0.000000000000000e+00 
1.443000000000049e-09 0.000000000000000e+00 
1.444000000000049e-09 0.000000000000000e+00 
1.445000000000049e-09 0.000000000000000e+00 
1.446000000000049e-09 0.000000000000000e+00 
1.447000000000049e-09 0.000000000000000e+00 
1.448000000000049e-09 0.000000000000000e+00 
1.449000000000049e-09 0.000000000000000e+00 
1.450000000000049e-09 0.000000000000000e+00 
1.451000000000049e-09 0.000000000000000e+00 
1.452000000000050e-09 0.000000000000000e+00 
1.453000000000050e-09 0.000000000000000e+00 
1.454000000000050e-09 0.000000000000000e+00 
1.455000000000050e-09 0.000000000000000e+00 
1.456000000000050e-09 0.000000000000000e+00 
1.457000000000050e-09 0.000000000000000e+00 
1.458000000000050e-09 0.000000000000000e+00 
1.459000000000050e-09 0.000000000000000e+00 
1.460000000000050e-09 0.000000000000000e+00 
1.461000000000050e-09 0.000000000000000e+00 
1.462000000000051e-09 0.000000000000000e+00 
1.463000000000051e-09 0.000000000000000e+00 
1.464000000000051e-09 0.000000000000000e+00 
1.465000000000051e-09 0.000000000000000e+00 
1.466000000000051e-09 0.000000000000000e+00 
1.467000000000051e-09 0.000000000000000e+00 
1.468000000000051e-09 0.000000000000000e+00 
1.469000000000051e-09 0.000000000000000e+00 
1.470000000000051e-09 0.000000000000000e+00 
1.471000000000051e-09 0.000000000000000e+00 
1.472000000000052e-09 0.000000000000000e+00 
1.473000000000052e-09 0.000000000000000e+00 
1.474000000000052e-09 0.000000000000000e+00 
1.475000000000052e-09 0.000000000000000e+00 
1.476000000000052e-09 0.000000000000000e+00 
1.477000000000052e-09 0.000000000000000e+00 
1.478000000000052e-09 0.000000000000000e+00 
1.479000000000052e-09 0.000000000000000e+00 
1.480000000000052e-09 0.000000000000000e+00 
1.481000000000052e-09 0.000000000000000e+00 
1.482000000000053e-09 0.000000000000000e+00 
1.483000000000053e-09 0.000000000000000e+00 
1.484000000000053e-09 0.000000000000000e+00 
1.485000000000053e-09 0.000000000000000e+00 
1.486000000000053e-09 0.000000000000000e+00 
1.487000000000053e-09 0.000000000000000e+00 
1.488000000000053e-09 0.000000000000000e+00 
1.489000000000053e-09 0.000000000000000e+00 
1.490000000000053e-09 0.000000000000000e+00 
1.491000000000053e-09 0.000000000000000e+00 
1.492000000000054e-09 0.000000000000000e+00 
1.493000000000054e-09 0.000000000000000e+00 
1.494000000000054e-09 0.000000000000000e+00 
1.495000000000054e-09 0.000000000000000e+00 
1.496000000000054e-09 0.000000000000000e+00 
1.497000000000054e-09 0.000000000000000e+00 
1.498000000000054e-09 0.000000000000000e+00 
1.499000000000054e-09 0.000000000000000e+00 
1.500000000000054e-09 6.250000001353173e-05 
1.501000000000054e-09 5.000000000271786e-04 
1.502000000000055e-09 9.999999999944131e-04 
1.503000000000055e-09 1.000000000000000e-03 
1.504000000000055e-09 9.999999999983715e-04 
1.505000000000055e-09 9.749999999986330e-04 
1.506000000000055e-09 9.499999999986304e-04 
1.507000000000055e-09 9.249999999986280e-04 
1.508000000000055e-09 8.999999999986255e-04 
1.509000000000055e-09 8.749999999986231e-04 
1.510000000000055e-09 8.499999999986205e-04 
1.511000000000055e-09 8.249999999986180e-04 
1.512000000000056e-09 7.999999999986155e-04 
1.513000000000056e-09 7.749999999986130e-04 
1.514000000000056e-09 7.499999999986104e-04 
1.515000000000056e-09 7.249999999986079e-04 
1.516000000000056e-09 6.999999999986055e-04 
1.517000000000056e-09 6.749999999986030e-04 
1.518000000000056e-09 6.499999999986005e-04 
1.519000000000056e-09 6.249999999985979e-04 
1.520000000000056e-09 5.999999999985956e-04 
1.521000000000056e-09 5.749999999985929e-04 
1.522000000000057e-09 5.499999999985905e-04 
1.523000000000057e-09 5.249999999985880e-04 
1.524000000000057e-09 4.999999999985855e-04 
1.525000000000057e-09 4.749999999985810e-04 
1.526000000000057e-09 4.499999999985785e-04 
1.527000000000057e-09 4.249999999985760e-04 
1.528000000000057e-09 3.999999999985736e-04 
1.529000000000057e-09 3.749999999985711e-04 
1.530000000000057e-09 3.499999999985686e-04 
1.531000000000057e-09 3.249999999985661e-04 
1.532000000000058e-09 2.999999999985636e-04 
1.533000000000058e-09 2.749999999985611e-04 
1.534000000000058e-09 2.499999999985586e-04 
1.535000000000058e-09 2.249999999985561e-04 
1.536000000000058e-09 1.999999999985535e-04 
1.537000000000058e-09 1.749999999985510e-04 
1.538000000000058e-09 1.499999999985486e-04 
1.539000000000058e-09 1.249999999985461e-04 
1.540000000000058e-09 9.999999999854356e-05 
1.541000000000058e-09 7.499999999854105e-05 
1.542000000000059e-09 4.999999999853855e-05 
1.543000000000059e-09 2.499999999853605e-05 
1.544000000000059e-09 3.124999999265151e-06 
1.545000000000059e-09 0.000000000000000e+00 
1.546000000000059e-09 0.000000000000000e+00 
1.547000000000059e-09 0.000000000000000e+00 
1.548000000000059e-09 0.000000000000000e+00 
1.549000000000059e-09 0.000000000000000e+00 
1.550000000000059e-09 0.000000000000000e+00 
1.551000000000059e-09 0.000000000000000e+00 
1.552000000000060e-09 0.000000000000000e+00 
1.553000000000060e-09 0.000000000000000e+00 
1.554000000000060e-09 0.000000000000000e+00 
1.555000000000060e-09 0.000000000000000e+00 
1.556000000000060e-09 0.000000000000000e+00 
1.557000000000060e-09 0.000000000000000e+00 
1.558000000000060e-09 0.000000000000000e+00 
1.559000000000060e-09 0.000000000000000e+00 
1.560000000000060e-09 0.000000000000000e+00 
1.561000000000060e-09 0.000000000000000e+00 
1.562000000000061e-09 0.000000000000000e+00 
1.563000000000061e-09 0.000000000000000e+00 
1.564000000000061e-09 0.000000000000000e+00 
1.565000000000061e-09 0.000000000000000e+00 
1.566000000000061e-09 0.000000000000000e+00 
1.567000000000061e-09 0.000000000000000e+00 
1.568000000000061e-09 0.000000000000000e+00 
1.569000000000061e-09 0.000000000000000e+00 
1.570000000000061e-09 0.000000000000000e+00 
1.571000000000061e-09 0.000000000000000e+00 
1.572000000000062e-09 0.000000000000000e+00 
1.573000000000062e-09 0.000000000000000e+00 
1.574000000000062e-09 0.000000000000000e+00 
1.575000000000062e-09 0.000000000000000e+00 
1.576000000000062e-09 0.000000000000000e+00 
1.577000000000062e-09 0.000000000000000e+00 
1.578000000000062e-09 0.000000000000000e+00 
1.579000000000062e-09 0.000000000000000e+00 
1.580000000000062e-09 0.000000000000000e+00 
1.581000000000062e-09 0.000000000000000e+00 
1.582000000000063e-09 0.000000000000000e+00 
1.583000000000063e-09 0.000000000000000e+00 
1.584000000000063e-09 0.000000000000000e+00 
1.585000000000063e-09 0.000000000000000e+00 
1.586000000000063e-09 0.000000000000000e+00 
1.587000000000063e-09 0.000000000000000e+00 
1.588000000000063e-09 0.000000000000000e+00 
1.589000000000063e-09 0.000000000000000e+00 
1.590000000000063e-09 0.000000000000000e+00 
1.591000000000063e-09 0.000000000000000e+00 
1.592000000000064e-09 0.000000000000000e+00 
1.593000000000064e-09 0.000000000000000e+00 
1.594000000000064e-09 0.000000000000000e+00 
1.595000000000064e-09 0.000000000000000e+00 
1.596000000000064e-09 0.000000000000000e+00 
1.597000000000064e-09 0.000000000000000e+00 
1.598000000000064e-09 0.000000000000000e+00 
1.599000000000064e-09 0.000000000000000e+00 
1.600000000000064e-09 0.000000000000000e+00 
1.601000000000064e-09 0.000000000000000e+00 
1.602000000000065e-09 0.000000000000000e+00 
1.603000000000065e-09 0.000000000000000e+00 
1.604000000000065e-09 0.000000000000000e+00 
1.605000000000065e-09 0.000000000000000e+00 
1.606000000000065e-09 0.000000000000000e+00 
1.607000000000065e-09 0.000000000000000e+00 
1.608000000000065e-09 0.000000000000000e+00 
1.609000000000065e-09 0.000000000000000e+00 
1.610000000000065e-09 0.000000000000000e+00 
1.611000000000065e-09 0.000000000000000e+00 
1.612000000000066e-09 0.000000000000000e+00 
1.613000000000066e-09 0.000000000000000e+00 
1.614000000000066e-09 0.000000000000000e+00 
1.615000000000066e-09 0.000000000000000e+00 
1.616000000000066e-09 0.000000000000000e+00 
1.617000000000066e-09 0.000000000000000e+00 
1.618000000000066e-09 0.000000000000000e+00 
1.619000000000066e-09 0.000000000000000e+00 
1.620000000000066e-09 0.000000000000000e+00 
1.621000000000066e-09 0.000000000000000e+00 
1.622000000000067e-09 0.000000000000000e+00 
1.623000000000067e-09 0.000000000000000e+00 
1.624000000000067e-09 0.000000000000000e+00 
1.625000000000067e-09 0.000000000000000e+00 
1.626000000000067e-09 0.000000000000000e+00 
1.627000000000067e-09 0.000000000000000e+00 
1.628000000000067e-09 0.000000000000000e+00 
1.629000000000067e-09 0.000000000000000e+00 
1.630000000000067e-09 0.000000000000000e+00 
1.631000000000067e-09 0.000000000000000e+00 
1.632000000000068e-09 0.000000000000000e+00 
1.633000000000068e-09 0.000000000000000e+00 
1.634000000000068e-09 0.000000000000000e+00 
1.635000000000068e-09 0.000000000000000e+00 
1.636000000000068e-09 0.000000000000000e+00 
1.637000000000068e-09 0.000000000000000e+00 
1.638000000000068e-09 0.000000000000000e+00 
1.639000000000068e-09 0.000000000000000e+00 
1.640000000000068e-09 0.000000000000000e+00 
1.641000000000068e-09 0.000000000000000e+00 
1.642000000000069e-09 0.000000000000000e+00 
1.643000000000069e-09 0.000000000000000e+00 
1.644000000000069e-09 0.000000000000000e+00 
1.645000000000069e-09 0.000000000000000e+00 
1.646000000000069e-09 0.000000000000000e+00 
1.647000000000069e-09 0.000000000000000e+00 
1.648000000000069e-09 0.000000000000000e+00 
1.649000000000069e-09 0.000000000000000e+00 
1.650000000000069e-09 0.000000000000000e+00 
1.651000000000069e-09 0.000000000000000e+00 
1.652000000000070e-09 0.000000000000000e+00 
1.653000000000070e-09 0.000000000000000e+00 
1.654000000000070e-09 0.000000000000000e+00 
1.655000000000070e-09 0.000000000000000e+00 
1.656000000000070e-09 0.000000000000000e+00 
1.657000000000070e-09 0.000000000000000e+00 
1.658000000000070e-09 0.000000000000000e+00 
1.659000000000070e-09 0.000000000000000e+00 
1.660000000000070e-09 0.000000000000000e+00 
1.661000000000070e-09 0.000000000000000e+00 
1.662000000000071e-09 0.000000000000000e+00 
1.663000000000071e-09 0.000000000000000e+00 
1.664000000000071e-09 0.000000000000000e+00 
1.665000000000071e-09 0.000000000000000e+00 
1.666000000000071e-09 0.000000000000000e+00 
1.667000000000071e-09 0.000000000000000e+00 
1.668000000000071e-09 0.000000000000000e+00 
1.669000000000071e-09 0.000000000000000e+00 
1.670000000000071e-09 0.000000000000000e+00 
1.671000000000071e-09 0.000000000000000e+00 
1.672000000000072e-09 0.000000000000000e+00 
1.673000000000072e-09 0.000000000000000e+00 
1.674000000000072e-09 0.000000000000000e+00 
1.675000000000072e-09 0.000000000000000e+00 
1.676000000000072e-09 0.000000000000000e+00 
1.677000000000072e-09 0.000000000000000e+00 
1.678000000000072e-09 0.000000000000000e+00 
1.679000000000072e-09 0.000000000000000e+00 
1.680000000000072e-09 0.000000000000000e+00 
1.681000000000072e-09 0.000000000000000e+00 
1.682000000000073e-09 0.000000000000000e+00 
1.683000000000073e-09 0.000000000000000e+00 
1.684000000000073e-09 0.000000000000000e+00 
1.685000000000073e-09 0.000000000000000e+00 
1.686000000000073e-09 0.000000000000000e+00 
1.687000000000073e-09 0.000000000000000e+00 
1.688000000000073e-09 0.000000000000000e+00 
1.689000000000073e-09 0.000000000000000e+00 
1.690000000000073e-09 0.000000000000000e+00 
1.691000000000073e-09 0.000000000000000e+00 
1.692000000000074e-09 0.000000000000000e+00 
1.693000000000074e-09 0.000000000000000e+00 
1.694000000000074e-09 0.000000000000000e+00 
1.695000000000074e-09 0.000000000000000e+00 
1.696000000000074e-09 0.000000000000000e+00 
1.697000000000074e-09 0.000000000000000e+00 
1.698000000000074e-09 0.000000000000000e+00 
1.699000000000074e-09 0.000000000000000e+00 
1.700000000000074e-09 0.000000000000000e+00 
1.701000000000074e-09 0.000000000000000e+00 
1.702000000000075e-09 0.000000000000000e+00 
1.703000000000075e-09 0.000000000000000e+00 
1.704000000000075e-09 0.000000000000000e+00 
1.705000000000075e-09 0.000000000000000e+00 
1.706000000000075e-09 0.000000000000000e+00 
1.707000000000075e-09 0.000000000000000e+00 
1.708000000000075e-09 0.000000000000000e+00 
1.709000000000075e-09 0.000000000000000e+00 
1.710000000000075e-09 0.000000000000000e+00 
1.711000000000075e-09 0.000000000000000e+00 
1.712000000000076e-09 0.000000000000000e+00 
1.713000000000076e-09 0.000000000000000e+00 
1.714000000000076e-09 0.000000000000000e+00 
1.715000000000076e-09 0.000000000000000e+00 
1.716000000000076e-09 0.000000000000000e+00 
1.717000000000076e-09 0.000000000000000e+00 
1.718000000000076e-09 0.000000000000000e+00 
1.719000000000076e-09 0.000000000000000e+00 
1.720000000000076e-09 0.000000000000000e+00 
1.721000000000076e-09 0.000000000000000e+00 
1.722000000000077e-09 0.000000000000000e+00 
1.723000000000077e-09 0.000000000000000e+00 
1.724000000000077e-09 0.000000000000000e+00 
1.725000000000077e-09 0.000000000000000e+00 
1.726000000000077e-09 0.000000000000000e+00 
1.727000000000077e-09 0.000000000000000e+00 
1.728000000000077e-09 0.000000000000000e+00 
1.729000000000077e-09 0.000000000000000e+00 
1.730000000000077e-09 0.000000000000000e+00 
1.731000000000077e-09 0.000000000000000e+00 
1.732000000000078e-09 0.000000000000000e+00 
1.733000000000078e-09 0.000000000000000e+00 
1.734000000000078e-09 0.000000000000000e+00 
1.735000000000078e-09 0.000000000000000e+00 
1.736000000000078e-09 0.000000000000000e+00 
1.737000000000078e-09 0.000000000000000e+00 
1.738000000000078e-09 0.000000000000000e+00 
1.739000000000078e-09 0.000000000000000e+00 
1.740000000000078e-09 0.000000000000000e+00 
1.741000000000078e-09 0.000000000000000e+00 
1.742000000000079e-09 0.000000000000000e+00 
1.743000000000079e-09 0.000000000000000e+00 
1.744000000000079e-09 0.000000000000000e+00 
1.745000000000079e-09 0.000000000000000e+00 
1.746000000000079e-09 0.000000000000000e+00 
1.747000000000079e-09 0.000000000000000e+00 
1.748000000000079e-09 0.000000000000000e+00 
1.749000000000079e-09 0.000000000000000e+00 
1.750000000000079e-09 0.000000000000000e+00 
1.751000000000079e-09 0.000000000000000e+00 
1.752000000000080e-09 0.000000000000000e+00 
1.753000000000080e-09 0.000000000000000e+00 
1.754000000000080e-09 0.000000000000000e+00 
1.755000000000080e-09 0.000000000000000e+00 
1.756000000000080e-09 0.000000000000000e+00 
1.757000000000080e-09 0.000000000000000e+00 
1.758000000000080e-09 0.000000000000000e+00 
1.759000000000080e-09 0.000000000000000e+00 
1.760000000000080e-09 0.000000000000000e+00 
1.761000000000080e-09 0.000000000000000e+00 
1.762000000000081e-09 0.000000000000000e+00 
1.763000000000081e-09 0.000000000000000e+00 
1.764000000000081e-09 0.000000000000000e+00 
1.765000000000081e-09 0.000000000000000e+00 
1.766000000000081e-09 0.000000000000000e+00 
1.767000000000081e-09 0.000000000000000e+00 
1.768000000000081e-09 0.000000000000000e+00 
1.769000000000081e-09 0.000000000000000e+00 
1.770000000000081e-09 0.000000000000000e+00 
1.771000000000081e-09 0.000000000000000e+00 
1.772000000000082e-09 0.000000000000000e+00 
1.773000000000082e-09 0.000000000000000e+00 
1.774000000000082e-09 0.000000000000000e+00 
1.775000000000082e-09 0.000000000000000e+00 
1.776000000000082e-09 0.000000000000000e+00 
1.777000000000082e-09 0.000000000000000e+00 
1.778000000000082e-09 0.000000000000000e+00 
1.779000000000082e-09 0.000000000000000e+00 
1.780000000000082e-09 0.000000000000000e+00 
1.781000000000082e-09 0.000000000000000e+00 
1.782000000000083e-09 0.000000000000000e+00 
1.783000000000083e-09 0.000000000000000e+00 
1.784000000000083e-09 0.000000000000000e+00 
1.785000000000083e-09 0.000000000000000e+00 
1.786000000000083e-09 0.000000000000000e+00 
1.787000000000083e-09 0.000000000000000e+00 
1.788000000000083e-09 0.000000000000000e+00 
1.789000000000083e-09 0.000000000000000e+00 
1.790000000000083e-09 0.000000000000000e+00 
1.791000000000083e-09 0.000000000000000e+00 
1.792000000000084e-09 0.000000000000000e+00 
1.793000000000084e-09 0.000000000000000e+00 
1.794000000000084e-09 0.000000000000000e+00 
1.795000000000084e-09 0.000000000000000e+00 
1.796000000000084e-09 0.000000000000000e+00 
1.797000000000084e-09 0.000000000000000e+00 
1.798000000000084e-09 0.000000000000000e+00 
1.799000000000084e-09 0.000000000000000e+00 
1.800000000000084e-09 0.000000000000000e+00 
1.801000000000084e-09 0.000000000000000e+00 
1.802000000000085e-09 0.000000000000000e+00 
1.803000000000085e-09 0.000000000000000e+00 
1.804000000000085e-09 0.000000000000000e+00 
1.805000000000085e-09 0.000000000000000e+00 
1.806000000000085e-09 0.000000000000000e+00 
1.807000000000085e-09 0.000000000000000e+00 
1.808000000000085e-09 0.000000000000000e+00 
1.809000000000085e-09 0.000000000000000e+00 
1.810000000000085e-09 0.000000000000000e+00 
1.811000000000085e-09 0.000000000000000e+00 
1.812000000000086e-09 0.000000000000000e+00 
1.813000000000086e-09 0.000000000000000e+00 
1.814000000000086e-09 0.000000000000000e+00 
1.815000000000086e-09 0.000000000000000e+00 
1.816000000000086e-09 0.000000000000000e+00 
1.817000000000086e-09 0.000000000000000e+00 
1.818000000000086e-09 0.000000000000000e+00 
1.819000000000086e-09 0.000000000000000e+00 
1.820000000000086e-09 0.000000000000000e+00 
1.821000000000086e-09 0.000000000000000e+00 
1.822000000000087e-09 0.000000000000000e+00 
1.823000000000087e-09 0.000000000000000e+00 
1.824000000000087e-09 0.000000000000000e+00 
1.825000000000087e-09 0.000000000000000e+00 
1.826000000000087e-09 0.000000000000000e+00 
1.827000000000087e-09 0.000000000000000e+00 
1.828000000000087e-09 0.000000000000000e+00 
1.829000000000087e-09 0.000000000000000e+00 
1.830000000000087e-09 0.000000000000000e+00 
1.831000000000087e-09 0.000000000000000e+00 
1.832000000000088e-09 0.000000000000000e+00 
1.833000000000088e-09 0.000000000000000e+00 
1.834000000000088e-09 0.000000000000000e+00 
1.835000000000088e-09 0.000000000000000e+00 
1.836000000000088e-09 0.000000000000000e+00 
1.837000000000088e-09 0.000000000000000e+00 
1.838000000000088e-09 0.000000000000000e+00 
1.839000000000088e-09 0.000000000000000e+00 
1.840000000000088e-09 0.000000000000000e+00 
1.841000000000088e-09 0.000000000000000e+00 
1.842000000000089e-09 0.000000000000000e+00 
1.843000000000089e-09 0.000000000000000e+00 
1.844000000000089e-09 0.000000000000000e+00 
1.845000000000089e-09 0.000000000000000e+00 
1.846000000000089e-09 0.000000000000000e+00 
1.847000000000089e-09 0.000000000000000e+00 
1.848000000000089e-09 0.000000000000000e+00 
1.849000000000089e-09 0.000000000000000e+00 
1.850000000000089e-09 0.000000000000000e+00 
1.851000000000089e-09 0.000000000000000e+00 
1.852000000000090e-09 0.000000000000000e+00 
1.853000000000090e-09 0.000000000000000e+00 
1.854000000000090e-09 0.000000000000000e+00 
1.855000000000090e-09 0.000000000000000e+00 
1.856000000000090e-09 0.000000000000000e+00 
1.857000000000090e-09 0.000000000000000e+00 
1.858000000000090e-09 0.000000000000000e+00 
1.859000000000090e-09 0.000000000000000e+00 
1.860000000000090e-09 0.000000000000000e+00 
1.861000000000090e-09 0.000000000000000e+00 
1.862000000000091e-09 0.000000000000000e+00 
1.863000000000090e-09 0.000000000000000e+00 
1.864000000000090e-09 0.000000000000000e+00 
1.865000000000090e-09 0.000000000000000e+00 
1.866000000000090e-09 0.000000000000000e+00 
1.867000000000090e-09 0.000000000000000e+00 
1.868000000000090e-09 0.000000000000000e+00 
1.869000000000090e-09 0.000000000000000e+00 
1.870000000000090e-09 0.000000000000000e+00 
1.871000000000090e-09 0.000000000000000e+00 
1.872000000000089e-09 0.000000000000000e+00 
1.873000000000089e-09 0.000000000000000e+00 
1.874000000000089e-09 0.000000000000000e+00 
1.875000000000089e-09 0.000000000000000e+00 
1.876000000000089e-09 0.000000000000000e+00 
1.877000000000089e-09 0.000000000000000e+00 
1.878000000000089e-09 0.000000000000000e+00 
1.879000000000089e-09 0.000000000000000e+00 
1.880000000000089e-09 0.000000000000000e+00 
1.881000000000089e-09 0.000000000000000e+00 
1.882000000000088e-09 0.000000000000000e+00 
1.883000000000088e-09 0.000000000000000e+00 
1.884000000000088e-09 0.000000000000000e+00 
1.885000000000088e-09 0.000000000000000e+00 
1.886000000000088e-09 0.000000000000000e+00 
1.887000000000088e-09 0.000000000000000e+00 
1.888000000000088e-09 0.000000000000000e+00 
1.889000000000088e-09 0.000000000000000e+00 
1.890000000000088e-09 0.000000000000000e+00 
1.891000000000087e-09 0.000000000000000e+00 
1.892000000000087e-09 0.000000000000000e+00 
1.893000000000087e-09 0.000000000000000e+00 
1.894000000000087e-09 0.000000000000000e+00 
1.895000000000087e-09 0.000000000000000e+00 
1.896000000000087e-09 0.000000000000000e+00 
1.897000000000087e-09 0.000000000000000e+00 
1.898000000000087e-09 0.000000000000000e+00 
1.899000000000087e-09 0.000000000000000e+00 
1.900000000000086e-09 0.000000000000000e+00 
1.901000000000086e-09 0.000000000000000e+00 
1.902000000000086e-09 0.000000000000000e+00 
1.903000000000086e-09 0.000000000000000e+00 
1.904000000000086e-09 0.000000000000000e+00 
1.905000000000086e-09 0.000000000000000e+00 
1.906000000000086e-09 0.000000000000000e+00 
1.907000000000086e-09 0.000000000000000e+00 
1.908000000000086e-09 0.000000000000000e+00 
1.909000000000086e-09 0.000000000000000e+00 
1.910000000000085e-09 0.000000000000000e+00 
1.911000000000085e-09 0.000000000000000e+00 
1.912000000000085e-09 0.000000000000000e+00 
1.913000000000085e-09 0.000000000000000e+00 
1.914000000000085e-09 0.000000000000000e+00 
1.915000000000085e-09 0.000000000000000e+00 
1.916000000000085e-09 0.000000000000000e+00 
1.917000000000085e-09 0.000000000000000e+00 
1.918000000000085e-09 0.000000000000000e+00 
1.919000000000084e-09 0.000000000000000e+00 
1.920000000000084e-09 0.000000000000000e+00 
1.921000000000084e-09 0.000000000000000e+00 
1.922000000000084e-09 0.000000000000000e+00 
1.923000000000084e-09 0.000000000000000e+00 
1.924000000000084e-09 0.000000000000000e+00 
1.925000000000084e-09 0.000000000000000e+00 
1.926000000000084e-09 0.000000000000000e+00 
1.927000000000084e-09 0.000000000000000e+00 
1.928000000000084e-09 0.000000000000000e+00 
1.929000000000083e-09 0.000000000000000e+00 
1.930000000000083e-09 0.000000000000000e+00 
1.931000000000083e-09 0.000000000000000e+00 
1.932000000000083e-09 0.000000000000000e+00 
1.933000000000083e-09 0.000000000000000e+00 
1.934000000000083e-09 0.000000000000000e+00 
1.935000000000083e-09 0.000000000000000e+00 
1.936000000000083e-09 0.000000000000000e+00 
1.937000000000083e-09 0.000000000000000e+00 
1.938000000000082e-09 0.000000000000000e+00 
1.939000000000082e-09 0.000000000000000e+00 
1.940000000000082e-09 0.000000000000000e+00 
1.941000000000082e-09 0.000000000000000e+00 
1.942000000000082e-09 0.000000000000000e+00 
1.943000000000082e-09 0.000000000000000e+00 
1.944000000000082e-09 0.000000000000000e+00 
1.945000000000082e-09 0.000000000000000e+00 
1.946000000000082e-09 0.000000000000000e+00 
1.947000000000081e-09 0.000000000000000e+00 
1.948000000000081e-09 0.000000000000000e+00 
1.949000000000081e-09 0.000000000000000e+00 
1.950000000000081e-09 0.000000000000000e+00 
1.951000000000081e-09 0.000000000000000e+00 
1.952000000000081e-09 0.000000000000000e+00 
1.953000000000081e-09 0.000000000000000e+00 
1.954000000000081e-09 0.000000000000000e+00 
1.955000000000081e-09 0.000000000000000e+00 
1.956000000000081e-09 0.000000000000000e+00 
1.957000000000080e-09 0.000000000000000e+00 
1.958000000000080e-09 0.000000000000000e+00 
1.959000000000080e-09 0.000000000000000e+00 
1.960000000000080e-09 0.000000000000000e+00 
1.961000000000080e-09 0.000000000000000e+00 
1.962000000000080e-09 0.000000000000000e+00 
1.963000000000080e-09 0.000000000000000e+00 
1.964000000000080e-09 0.000000000000000e+00 
1.965000000000080e-09 0.000000000000000e+00 
1.966000000000079e-09 0.000000000000000e+00 
1.967000000000079e-09 0.000000000000000e+00 
1.968000000000079e-09 0.000000000000000e+00 
1.969000000000079e-09 0.000000000000000e+00 
1.970000000000079e-09 0.000000000000000e+00 
1.971000000000079e-09 0.000000000000000e+00 
1.972000000000079e-09 0.000000000000000e+00 
1.973000000000079e-09 0.000000000000000e+00 
1.974000000000079e-09 0.000000000000000e+00 
1.975000000000078e-09 0.000000000000000e+00 
1.976000000000078e-09 0.000000000000000e+00 
1.977000000000078e-09 0.000000000000000e+00 
1.978000000000078e-09 0.000000000000000e+00 
1.979000000000078e-09 0.000000000000000e+00 
1.980000000000078e-09 0.000000000000000e+00 
1.981000000000078e-09 0.000000000000000e+00 
1.982000000000078e-09 0.000000000000000e+00 
1.983000000000078e-09 0.000000000000000e+00 
1.984000000000078e-09 0.000000000000000e+00 
1.985000000000077e-09 0.000000000000000e+00 
1.986000000000077e-09 0.000000000000000e+00 
1.987000000000077e-09 0.000000000000000e+00 
1.988000000000077e-09 0.000000000000000e+00 
1.989000000000077e-09 0.000000000000000e+00 
1.990000000000077e-09 0.000000000000000e+00 
1.991000000000077e-09 0.000000000000000e+00 
1.992000000000077e-09 0.000000000000000e+00 
1.993000000000077e-09 0.000000000000000e+00 
1.994000000000076e-09 0.000000000000000e+00 
1.995000000000076e-09 0.000000000000000e+00 
1.996000000000076e-09 0.000000000000000e+00 
1.997000000000076e-09 0.000000000000000e+00 
1.998000000000076e-09 0.000000000000000e+00 
1.999000000000076e-09 0.000000000000000e+00 
